1430000                 1078.50000000           5475879748.72189000
1605200                 1066.46394000           5664832936.68583000
1780400                 1054.56220242           5851677407.07209242
1955600                 1042.79328824           6036436693.16716224
2130800                 1031.15571514           6219134065.62923714
2306000                 1019.64801735           6399792535.41406735
2481200                 1008.26874547           6578434856.67451547
2656400                  997.01646627           6755083529.62858027
2831600                  985.88976250           6929760803.39238050
3006800                  974.88723275           7102488678.77985075
3182000                  964.00749123           7273288911.07790923
3357200                  953.24916762           7442183012.78308162
3532400                  942.61090690           7609192256.31184490
3707600                  932.09136917           7774337676.68118717
3882800                  921.68922949           7937640074.15763149
4058000                  911.40317768           8099120016.87822768
4233200                  901.23191821           8258797843.43650421
4408400                  891.17417000           8416693665.44914800
4583600                  881.22866626           8572827370.08764426
4758800                  871.39415434           8727218622.58188434
4934000                  861.66939557           8879886868.69749357
5109200                  852.05316511           9030851337.18512711
5284400                  842.54425178           9180131042.20348578
5459600                  833.14145793           9327744785.71254793
5634800                  823.84359925           9473711159.84402525
5810000                  814.64950468           9618048549.23853068
5985200                  805.55801620           9760775133.36697820
6160400                  796.56798873           9901908888.81519073
6335600                  787.67828997          10041467591.55098797
6510800                  778.88780025          10179468819.16324225
6686000                  770.19541239          10315929953.07465439
6861200                  761.60003158          10450868180.73000158
7036400                  753.10057522          10584300497.76336122
7211600                  744.69597280          10716243710.13730280
7386800                  736.38516574          10846714436.26105574
7562000                  728.16710729          10975729109.08064529
7737200                  720.04076237          11103303978.15150837
7912400                  712.00510746          11229455111.68307746
8087600                  704.05913046          11354198398.56409246
8262800                  696.20183056          11477549550.36338456
8438000                  688.43221813          11599524103.30788413
8613200                  680.74931457          11720137420.24135657
8788400                  673.15215221          11839404692.55685821
8963600                  665.63977419          11957340942.11167219
9138800                  658.21123431          12073961023.12122031
9314000                  650.86559693          12189279624.02669493
9489200                  643.60193686          12303311269.34517086
9664400                  636.41933924          12416070321.50044524
9839600                  629.31689941          12527570982.63285341
10014800                  622.29372281          12637827296.38630881
10190000                  615.34892486          12746853149.67782286
10365200                  608.48163085          12854662274.44600085
10540400                  601.69097584          12961268249.38026584
10715600                  594.97610454          13066684501.63256254
10890800                  588.33617121          13170924308.50803721
11066000                  581.77033953          13274000799.13819753
11241200                  575.27778254          13375926956.13129654
11416400                  568.85768248          13476715617.21220448
11591600                  562.50923074          13576379476.83424874
11766800                  556.23162772          13674931087.78229372
11942000                  550.02408275          13772382862.75129275
12117200                  543.88581398          13868747075.91082398
12292400                  537.81604829          13964035864.45035429
12467600                  531.81402119          14058261230.10873519
12642800                  525.87897671          14151435040.68617871
12818000                  520.01016732          14243569031.53696132
12993200                  513.00043026          14334674805.84168826
13168400                  506.08518446          14424552474.30799446
13343600                  499.26315617          14513218591.80335817
13518800                  492.53308882          14600689490.03427482
13694000                  485.89374278          14686981280.55619278
13869200                  479.34389512          14772109857.74140112
14044400                  472.88233941          14856090901.70486941
14219600                  466.50788547          14938939881.19504747
14394800                  460.21935917          15020672056.44086517
14570000                  454.01560220          15101302481.96369220
14745200                  447.89547188          15180846009.34900188
14920400                  441.85784091          15259317289.98474691
15095600                  435.90159721          15336730777.75593521
15270800                  430.02564367          15413100731.71117367
15446000                  424.22889799          15488441218.68541199
15621200                  418.51029244          15562766115.89465444
15796400                  412.86877369          15636089113.48862369
15971600                  407.30330262          15708423717.07364062
16146800                  401.81285410          15779783250.20221610
16322000                  396.39641682          15850180856.82409882
16497200                  391.05299312          15919629503.70753912
16672400                  385.78159877          15988141982.83076877
16847600                  380.58126281          16055730913.73493681
17022800                  375.45102738          16122408745.84901338
17198000                  370.38994753          16188187760.78490953
17373200                  365.39709103          16253080074.59930903
17548400                  360.47153824          16317097640.02221224
17723600                  355.61238190          16380252248.66270390
17898800                  350.81872699          16442555533.17792899
18074000                  346.08969055          16504018969.41754055
18249200                  341.42440152          16564653878.53661152
18424400                  336.82200058          16624471429.08051458
18599600                  332.28164001          16683482639.04177001
18774800                  327.80248350          16741698377.89236550
18950000                  323.38370602          16799129368.58278802
19125200                  319.02449366          16855786189.51827966
19300400                  314.72404348          16911679276.50706148
19475600                  310.48156337          16966818924.68227737
19650800                  306.29627189          17021215290.39940989
19826000                  302.16739814          17074878393.10566414
20001200                  298.09418161          17127818117.18657561
20176400                  294.07587204          17180044213.78633804
20351600                  290.11172928          17231566302.60360328
20526800                  286.20102316          17282393873.66275316
20702000                  282.34303336          17332536289.06239536
20877200                  278.53704927          17382002784.70108327
21052400                  274.78236984          17430802471.97850784
21227600                  271.07830349          17478944339.47040949
21402800                  267.42416795          17526437254.58772195
21578000                  263.81929016          17573289965.20768416
21753200                  260.26300612          17619511101.28743212
21928400                  256.75466079          17665109176.45131079
22103600                  253.29360796          17710092589.56066596
22278800                  249.87921012          17754469626.26086012
22454000                  246.51083836          17798248460.50551236
22629200                  243.18787225          17841437156.06321825
22804400                  239.90969973          17884043668.00324573
22979600                  236.67571697          17926075844.16195897
23154800                  233.48532830          17967541426.58471430
23330000                  230.33794607          18008448052.95549207
23505200                  227.23299055          18048803258.00200055
23680400                  224.16988983          18088614474.88325983
23855600                  221.14807971          18127889036.55966571
24030800                  218.16700359          18166634177.14378159
24206000                  215.22611238          18204857033.23185838
24381200                  212.32486438          18242564645.21958638
24556400                  209.46272520          18279763958.59682320
24731600                  206.63916766          18316461825.22830566
24906800                  203.85367167          18352665004.61684167
25082000                  201.10572417          18388380165.14547817
25257200                  198.39481900          18423613885.30915700
25432400                  195.72045683          18458372654.92359483
25607600                  193.08214507          18492662876.32189907
25782800                  190.47939775          18526490865.53541575
25958000                  187.91173546          18559862853.45355346
26133200                  185.37868526          18592784986.97309526
26308400                  182.87978058          18625263330.13174258
26483600                  180.41456113          18657303865.22413913
26658800                  177.98257284          18688912493.90212684
26834000                  175.58336775          18720095038.26448975
27009200                  173.21650395          18750857241.92742595
27184400                  170.88154547          18781204771.08450747
27359600                  168.57806223          18811143215.54736823
27534800                  166.30562995          18840678089.77763195
27710000                  164.06383005          18869814833.90307205
27885200                  161.85224962          18898558814.71625162
28060400                  159.67048129          18926915326.66790729
28235600                  157.51812320          18954889592.83755720
28410800                  155.39477889          18982486765.89885289
28586000                  153.30005727          19009711929.06565927
28761200                  151.23357249          19036570097.03287849
28936400                  149.19494393          19063066216.89449793
29111600                  147.18379608          19089205169.05988608
29286800                  145.19975850          19114991768.14906450
29462000                  143.24246575          19140430763.88097175
29637200                  141.31155731          19165526841.94946331
29812400                  139.40667751          19190284624.88529551
29987600                  137.52747549          19214708672.90584549
30162800                  135.67360512          19238803484.75782312
30338000                  133.84472492          19262573498.54596692
30513200                  132.04049802          19286023092.54772402
30688400                  130.26059210          19309156586.02092210
30863600                  128.50467931          19331978240.00092931
31038800                  126.77243623          19354492258.08379823
31214000                  125.06354378          19376702787.20240178
31389200                  123.37768720          19398613918.38680120
31564400                  121.71455597          19420229687.52110997
31739600                  120.07384375          19441554076.08634175
31914800                  118.45524833          19462591011.89274633
32090000                  116.85847158          19483344369.80338558
32265200                  115.28321938          19503817972.44894938
32440400                  113.72920158          19524015590.93030758
32615600                  112.19613194          19543940945.51405394
32790800                  110.68372808          19563597706.31753808
32966000                  109.19171142          19582989493.98513742
33141200                  107.71980715          19602119880.35401715
33316400                  106.26774414          19620992389.11463414
33491600                  104.83525494          19639610496.45547294
33666800                  103.42207570          19657977631.70778170
33842000                  102.02794611          19676097177.97629211
34017200                  100.65260939          19693972472.75942739
34192400                   99.29581221          19711606808.56775821
34367600                   97.95730466          19729003433.52844266
34542800                   96.63684019          19746165551.98441019
34718000                   95.33417558          19763096325.08303358
34893200                   94.04907089          19779798871.35954489
35068400                   92.78128941          19796276267.31169141
35243600                   91.53059762          19812531547.96563162
35418800                   90.29676516          19828567707.43482316
35594000                   89.07956476          19844387699.47365476
35769200                   87.87877222          19859994438.01881422
35944400                   86.69416637          19875390797.72715237
36119600                   85.52552900          19890579614.50653900
36294800                   84.37264486          19905563686.03445486
36470000                   83.23530160          19920345772.27658360
36645200                   82.11328973          19934928595.99489173
36820400                   81.00640258          19949314843.24870058
36995600                   79.91443627          19963507163.88875027
37170800                   78.83718966          19977508172.04600766
37346000                   77.77446434          19991320446.61171434
37521200                   76.72606456          20004946531.71568256
37696400                   75.69179720          20018388937.19232720
37871600                   74.67147177          20031650139.04144177
38046800                   73.66490033          20044732579.88897433
38222000                   72.67189747          20057638669.43378747
38397200                   71.69228029          20070370784.89091429
38572400                   70.72586835          20082931271.43131035
38747600                   69.77248364          20095322442.61284564
38922800                   68.83195056          20107546580.80604056
39098000                   67.90409586          20119605937.61629786
39273200                   66.98874864          20131502734.29562264
39448400                   66.08574030          20143239162.15434230
39623600                   65.19490452          20154817382.96406652
39798800                   64.31607720          20166239529.35714320
39974000                   63.44909647          20177507705.21560247
40149200                   62.59380264          20188623986.06185264
40324400                   61.75003818          20199590419.44061618
40499600                   60.91764766          20210409025.29736166
40674800                   60.09647776          20221081796.34622376
40850000                   59.28637723          20231610698.43967523
41025200                   58.48719686          20241997670.93119086
41200400                   57.69878944          20252244627.03265544
41375600                   56.92100975          20262353454.16476375
41550800                   56.15371453          20272326014.30566853
41726000                   55.39676245          20282164144.33437245
41901200                   54.65001409          20291869656.36886409
42076400                   53.91333190          20301444338.10074990
42251600                   53.18658018          20310889953.12287818
42426800                   52.46962507          20320208241.25345907
42602000                   51.76233452          20329400918.85843252
42777200                   51.06457825          20338469679.16858025
42952400                   50.37622773          20347416192.58962973
43127600                   49.69715618          20356242107.00885418
43302800                   49.02723851          20364949048.10167251
43478000                   48.36635133          20373538619.62773733
43653200                   47.71437291          20382012403.72877491
43828400                   47.07118316          20390371961.21941716
44003600                   46.43666361          20398618831.87452961
44178800                   45.81069738          20406754534.71303538
44354000                   45.19316917          20414780568.27648317
44529200                   44.58396524          20422698410.90586324
44704400                   43.98297338          20430509521.01491938
44879600                   43.39008289          20438215337.35820489
45054800                   42.80518457          20445817279.29563457
45230000                   42.22817068          20453316747.05528468
45405200                   41.65893493          20460715121.98918493
45580400                   41.09737248          20468013766.82735848
45755600                   40.54337989          20475214025.93186189
45930800                   39.99685512          20482317225.54206512
46106000                   39.45769751          20489324674.01993151
46281200                   38.92580774          20496237662.09179374
46456400                   38.40108785          20503057463.08312185
46631600                   37.88344118          20509785333.15679518
46806800                   37.37277239          20516422511.54086239
46982000                   36.86898741          20522970220.75980541
47157200                   36.37199345          20529429666.85704345
47332400                   35.88169897          20535802039.61918897
47507600                   35.39801366          20542088512.79504766
47682800                   34.92084843          20548290244.31111443
47858000                   34.45011539          20554408376.48531739
48033200                   33.98572783          20560444036.23725783
48208400                   33.52760021          20566398335.29494621
48383600                   33.07564815          20572272370.39978615
48558800                   32.62978841          20578067223.50980641
48734000                   32.18993886          20583783961.99938886
48909200                   31.75601848          20589423638.85374048
49084400                   31.32794735          20594987292.86336535
49259600                   30.90564661          20600475948.81678461
49434800                   30.48903849          20605890617.68624849
49610000                   30.07804625          20611232296.81870425
49785200                   29.67259418          20616501970.11625218
49960400                   29.27260761          20621700608.21660161
50135600                   28.87801285          20626829168.67527885
50310800                   28.48873723          20631888596.13732323
50486000                   28.10470905          20636879822.51599105
50661200                   27.72585757          20641803767.16269957
50836400                   27.35211300          20646661337.03521900
51011600                   26.98340651          20651453426.86411251
51186800                   26.61967019          20656180919.32092819
51362000                   26.26083703          20660844685.17938303
51537200                   25.90684094          20665445583.47304294
51712400                   25.55761672          20669984461.65650672
51887600                   25.21310004          20674462155.76133404
52062800                   24.87322745          20678879490.54846945
52238000                   24.53793634          20683237279.66241834
52413200                   24.20716495          20687536325.77841495
52588400                   23.88085236          20691777420.75134236
52763600                   23.55893847          20695961345.76290047
52938800                   23.24136397          20700088871.46526997
53114000                   22.92807038          20704160758.11952038
53289200                   22.61899999          20708177755.74102599
53464400                   22.31409587          20712140604.23436987
53639600                   22.01330185          20716050033.52999985
53814800                   21.71656254          20719906763.71738054
53990000                   21.42382327          20723711505.18164927
54165200                   21.13503013          20727464958.72976013
54340400                   20.85012992          20731167815.72363592
54515600                   20.56907016          20734820758.20456016
54690800                   20.29179909          20738424459.01932109
54866000                   20.01826563          20741979581.94635563
55041200                   19.74841940          20745486781.81488540
55216400                   19.48221070          20748946704.62755670
55391600                   19.21959049          20752359987.67957649
55566800                   18.96051041          20755727259.67434441
55742000                   18.70492272          20759049140.84258872
55917200                   18.45278036          20762326243.05099036
56092400                   18.20403688          20765559169.92131888
56267600                   17.95864646          20768748516.93730446
56442800                   17.71656390          20771894871.55501390
56618000                   17.47774461          20774998813.31147461
56793200                   17.24214461          20778060913.93154661
56968400                   17.00972050          20781081737.43479450
57143600                   16.78042946          20784061840.23710346
57318800                   16.55422927          20787001771.25229527
57494000                   16.33107825          20789902071.99724825
57669200                   16.11093531          20792763276.68650531
57844400                   15.89375990          20795585912.33564190
58019600                   15.67951201          20798370498.85587401
58194800                   15.46815218          20801117549.14866618
58370000                   15.25964148          20803827569.20209148
58545200                   15.05394151          20806501058.18368751
58720400                   14.85101437          20809138508.53331237
58895600                   14.65082269          20811740406.05074469
59070800                   14.45332960          20814307229.98853960
59246000                   14.25849871          20816839453.13962871
59421200                   14.06629414          20819337541.92141614
59596400                   13.87668049          20821801956.46513049
59771600                   13.68962283          20824233150.69992083
59946800                   13.50508671          20826631572.43520071
60122000                   13.32303814          20828997663.44474414
60297200                   13.14344358          20831331859.54727758
60472400                   12.96626996          20833634590.68531996
60647600                   12.79148464          20835906281.00752664
60822800                   12.61905542          20838147348.94402542
60998000                   12.44895055          20840358207.28350455
61173200                   12.28113869          20842539263.25205269
61348400                   12.11558894          20844690918.58499094
61523600                   11.95227080          20846813569.60396080
61698800                   11.79115418          20848907607.28700418
61874000                   11.63220942          20850973417.34039542
62049200                   11.47540723          20853011380.27397723
62224400                   11.32071874          20855021871.46598474
62399600                   11.16811545          20857005261.23662945
62574800                   11.01756925          20858961914.91292325
62750000                   10.86905241          20860892192.89700641
62925200                   10.72253758          20862796450.73272358
63100400                   10.57799777          20864675039.17219977
63275600                   10.43540636          20866528304.23891236
63450800                   10.29473708          20868356587.29251508
63626000                   10.15596402          20870160225.09015802
63801200                   10.01906162          20871939549.84955962
63976400                    9.88400466          20873694889.31032666
64151600                    9.75076827          20875426566.79352227
64326800                    9.61932791          20877134901.26298591
64502000                    9.48965936          20878820207.38314936
64677200                    9.36173875          20880482795.57510075
64852400                    9.23554251          20882122972.07790451
65027600                    9.11104739          20883741039.00116139
65202800                    8.98823047          20885337294.38107247
65378000                    8.86706912          20886912032.23825512
65553200                    8.74754102          20888465542.62855102
65728400                    8.62962416          20889998111.69733816
65903600                    8.51329682          20891510021.73384282
66078800                    8.39853757          20893001551.22194757
66254000                    8.28532528          20894472974.89099928
66429200                    8.17363909          20895924563.76836909
66604400                    8.06345843          20897356585.22675643
66779600                    7.95476301          20898769303.03499701
66954800                    7.84753280          20900162977.40711880
67130000                    7.74174805          20901537865.04789405
67305200                    7.63738928          20902894219.20189528
67480400                    7.53443727          20904232289.70079927
67655600                    7.43287305          20905552323.00893905
67830800                    7.33267792          20906854562.26710392
68006000                    7.23383342          20908139247.33984342
68181200                    7.13632134          20909406614.85751534
68356400                    7.04012372          20910656898.26008572
68531600                    6.94522285          20911890327.84092885
68706800                    6.85160124          20913107130.79062724
68882000                    6.75924165          20914307531.23551565
69057200                    6.66812707          20915491750.28148107
69232400                    6.57824071          20916660006.05425871
69407600                    6.48956602          20917812513.73797602
69582800                    6.40208667          20918949485.61720067
69758000                    6.31578654          20920071131.11548454
69933200                    6.23064973          20921177656.83215573
70108400                    6.14666057          20922269266.58086257
70283600                    6.06380358          20923346161.42986958
70458800                    5.98206350          20924408539.73534550
70634000                    5.90142528          20925456597.17990728
70809200                    5.82187406          20926490526.80941206
70984400                    5.74339519          20927510519.06624519
71159600                    5.66597422          20928516761.82611222
71334800                    5.58959688          20929509440.43307888
71510000                    5.51424911          20930488737.73110711
71685200                    5.43991703          20931454834.10084703
71860400                    5.36658694          20932407907.49117294
72035600                    5.29424534          20933348133.45071934
72210800                    5.22287891          20934275685.16292091
72386000                    5.15247450          20935190733.47754850
72561200                    5.08301914          20936093446.94049314
72736400                    5.01450004          20936983991.82530204
72911600                    4.94690457          20937862532.16471457
73086800                    4.88022029          20938729229.77869429
73262000                    4.81443492          20939584244.30771692
73437200                    4.74953633          20940427733.24080233
73612400                    4.68551258          20941259851.94179458
73787600                    4.62235187          20942080753.68264987
73962800                    4.56004256          20942890589.66796456
74138000                    4.49857318          20943689509.06300718
74313200                    4.43793241          20944477659.02350241
74488400                    4.37810908          20945255184.72191108
74663600                    4.31909216          20946022229.37371016
74838800                    4.26087079          20946778934.26192079
75014000                    4.20343425          20947525438.76689225
75189200                    4.14677195          20948261880.39082995
75364400                    4.09087346          20948988394.78057146
75539600                    4.03572848          20949705115.75561848
75714800                    3.98132686          20950412175.33091286
75890000                    3.92765857          20951109703.74311657
76065200                    3.87471373          20951797829.47163573
76240400                    3.82248258          20952476679.26490058
76415600                    3.77095551          20953146378.16138951
76590800                    3.72012302          20953807049.51590902
76766000                    3.66997576          20954458815.01886576
76941200                    3.62050448          20955101794.72254648
77116400                    3.57170007          20955736107.05863807
77291600                    3.52355355          20956361868.86275555
77466800                    3.47605604          20956979195.39721804
77642000                    3.42919880          20957588200.36856880
77817200                    3.38297320          20958188995.95210320
77992400                    3.33737072          20958781692.81114072
78167600                    3.29238296          20959366400.11629696
78342800                    3.24800163          20959943225.56650763
78518000                    3.20421856          20960512275.40830056
78693200                    3.16102569          20961073654.45681969
78868400                    3.11841506          20961627466.11509706
79043600                    3.07637882          20962173812.39157282
79218800                    3.03490923          20962712793.91936723
79394000                    2.99399865          20963244509.97555265
79569200                    2.95363954          20963769058.49867354
79744400                    2.91382447          20964286536.10626647
79919600                    2.87454611          20964797038.11413211
80094800                    2.83579722          20965300658.55385522
80270000                    2.79757067          20965797490.18857267
80445200                    2.75985941          20966287624.53224541
80620400                    2.72265650          20966771151.86367450
80795600                    2.68595509          20967248161.24577309
80970800                    2.64974841          20967718740.54133441
81146000                    2.61402980          20968182976.42704780
81321200                    2.57879267          20968640954.41277067
81496400                    2.54403054          20969092758.85379254
81671600                    2.50973700          20969538472.97010700
81846800                    2.47590574          20969978178.85867574
82022000                    2.44253053          20970411957.51094853
82197200                    2.40960521          20970839888.82687921
82372400                    2.37712373          20971262051.62718973
82547600                    2.34508010          20971678523.67264210
82722800                    2.31346842          20972089381.67455042
82898000                    2.28228286          20972494701.31054886
83073200                    2.25151768          20972894557.23685568
83248400                    2.22116722          20973289023.10404122
83423600                    2.19122588          20973678171.57104388
83598800                    2.16168815          20974062074.31568215
83774000                    2.13254859          20974440802.05042259
83949200                    2.10380183          20974814424.53464383
84124400                    2.07544258          20975183010.58690058
84299600                    2.04746561          20975546628.09893961
84474800                    2.01986577          20975905344.04621177
84650000                    1.99263797          20976259224.50188797
84825200                    1.96577721          20976608334.64737121
85000400                    1.93927853          20976952738.78806453
85175600                    1.91313705          20977292500.36037905
85350800                    1.88734796          20977627681.94574996
85526000                    1.86190650          20977958345.28290050
85701200                    1.83680800          20978284551.27660200
85876400                    1.81204782          20978606360.01344182
86051600                    1.78762141          20978923830.76707941
86226800                    1.76352427          20979237022.01401427
86402000                    1.73975196          20979545991.44234596
86577200                    1.71630010          20979850795.96228610
86752400                    1.69316437          20980151491.71667037
86927600                    1.67034051          20980448134.09147051
87102800                    1.64782431          20980740777.72630631
87278000                    1.62561163          20981029476.52320563
87453200                    1.60369838          20981314283.65886838
87628400                    1.58208052          20981595251.59342652
87803600                    1.56075407          20981872432.07920407
87978800                    1.53971510          20982145876.17122910
88154000                    1.51895974          20982415634.23599374
88329200                    1.49848416          20982681755.96196616
88504400                    1.47828459          20982944290.36659859
88679600                    1.45835731          20983203285.80683931
88854800                    1.43869865          20983458789.98789265
89030000                    1.41930499          20983710849.97197899
89205200                    1.40017275          20983959512.18709475
89380400                    1.38129842          20984204822.43402042
89555600                    1.36267851          20984446825.89858451
89730800                    1.34430960          20984685567.15516760
89906000                    1.32618830          20984921090.17896630
90081200                    1.30831128          20985153438.35124928
90256400                    1.29067524          20985382654.46986924
90431600                    1.27327693          20985608780.75451893
90606800                    1.25611315          20985831858.85549115
90782000                    1.23918074          20986051929.86243874
90957200                    1.22247658          20986269034.31138258
91132400                    1.20599759          20986483212.19171959
91307600                    1.18974074          20986694502.95323074
91482800                    1.17370303          20986902945.51484103
91658000                    1.15788151          20987108578.26987551
91833200                    1.14227326          20987311439.09481926
92008400                    1.12687541          20987511565.35457341
92183600                    1.11168512          20987708993.91121512
92358800                    1.09669960          20987903761.12925360
92534000                    1.08191608          20988095902.88439008
92709200                    1.06733185          20988285454.56702185
92884400                    1.05294421          20988472451.09275421
93059600                    1.03875052          20988656926.90415252
93234800                    1.02474816          20988838915.98125416
93410000                    1.01093455          20989018451.84507255
93585200                    0.99730715          20989195567.56460515
93760400                    0.98386344          20989370295.76384144
93935600                    0.97060096          20989542668.62526696
94110800                    0.95751725          20989712717.90037525
94286000                    0.94460991          20989880474.90966791
94461200                    0.93187656          20990045970.55316656
94636400                    0.91931486          20990209235.31391686
94811600                    0.90692249          20990370299.26499649
94986800                    0.89469717          20990529192.07301917
95162000                    0.88263665          20990685943.00514265
95337200                    0.87073870          20990840580.93432470
95512400                    0.85900114          20990993134.34282714
95687600                    0.84742180          20991143631.33097580
95862800                    0.83599855          20991292099.61891255
96038000                    0.82472928          20991438566.55360328
96213200                    0.81361192          20991583059.11234192
96388400                    0.80264443          20991725603.90975843
96563600                    0.79182478          20991866227.20307478
96738800                    0.78115098          20992004954.89385698
96914000                    0.77062106          20992141812.53502306
97089200                    0.76023308          20992276825.33434708
97264400                    0.74998513          20992410018.15971513
97439600                    0.73987533          20992541415.54438133
97614800                    0.72990181          20992671041.69222381
97790000                    0.72006273          20992798920.47949673
97965200                    0.71035628          20992925075.46008628
98140400                    0.70078067          20993049529.87076667
98315600                    0.69133414          20993172306.63470414
98490800                    0.68201495          20993293428.36671295
98666000                    0.67282138          20993412917.37675938
98841200                    0.66375174          20993530795.67346574
99016400                    0.65480436          20993647084.96936636
99191600                    0.64597759          20993761806.68441159
99366800                    0.63726981          20993874981.94947181
99542000                    0.62867941          20993986631.61159341
99717200                    0.62020481          20994096776.23575081
99892400                    0.61184444          20994205436.11010244
100067600                    0.60359677          20994312631.24774277
100242800                    0.59546028          20994418381.39371028
100418000                    0.58743347          20994522706.02673947
100593200                    0.57951486          20994625624.36276486
100768400                    0.57170299          20994727155.35842499
100943600                    0.56399643          20994827317.71456643
101118800                    0.55639375          20994926129.88149975
101294000                    0.54889356          20995023610.05899956
101469200                    0.54149447          20995119776.20331247
101644400                    0.53419512          20995214646.02715712
101819600                    0.52699416          20995308237.00498016
101994800                    0.51989027          20995400566.37470827
102170000                    0.51288214          20995491651.14300414
102345200                    0.50596848          20995581508.08701848
102520400                    0.49914802          20995670153.75789402
102695600                    0.49241950          20995757604.48426950
102870800                    0.48578168          20995843876.37403168
103046000                    0.47923334          20995928985.31781934
103221200                    0.47277327          20996012946.99252727
103396400                    0.46640028          20996095776.86305828
103571600                    0.46011320          20996177490.18582720
103746800                    0.45391087          20996258102.01226487
103922000                    0.44779215          20996337627.19057015
104097200                    0.44175591          20996416080.36921391
104272400                    0.43580104          20996493475.99869104
104447600                    0.42992644          20996569828.33502444
104622800                    0.42413103          20996645151.44151703
104798000                    0.41841374          20996719459.19225574
104973200                    0.41277352          20996792765.27386352
105148400                    0.40720933          20996865083.18900333
105323600                    0.40172014          20996936426.25813014
105498800                    0.39630495          20997006807.62124295
105674000                    0.39096275          20997076240.24314075
105849200                    0.38569257          20997144736.91167057
106024400                    0.38049343          20997212310.24473543
106199600                    0.37536437          20997278972.68854237
106374800                    0.37030445          20997344736.52110645
106550000                    0.36531274          20997409613.85575474
106725200                    0.36038832          20997473616.64287832
106900400                    0.35553028          20997536756.67168428
107075600                    0.35073773          20997599045.57194773
107250800                    0.34600978          20997660494.81751578
107426000                    0.34134556          20997721115.72630756
107601200                    0.33674422          20997780919.46381822
107776400                    0.33220490          20997839917.04662290
107951600                    0.32772677          20997898119.34062477
108126800                    0.32330901          20997955537.06631101
108302000                    0.31895080          20998012180.80050480
108477200                    0.31465134          20998068060.97636534
108652400                    0.31040983          20998123187.88689183
108827600                    0.30622550          20998177571.68492350
109002800                    0.30209758          20998231222.38839558
109178000                    0.29802530          20998284149.88033930
109353200                    0.29400791          20998336363.90888191
109528400                    0.29004468          20998387874.09075068
109703600                    0.28613487          20998438689.91477687
109878800                    0.28227777          20998488820.74014377
110054000                    0.27847266          20998538275.80164266
110229200                    0.27471884          20998587064.20792084
110404400                    0.27101563          20998635194.94498563
110579600                    0.26736233          20998682676.87970833
110754800                    0.26375828          20998729518.75632028
110930000                    0.26020281          20998775729.20342081
111105200                    0.25669527          20998821316.73222527
111280400                    0.25323501          20998866289.74006901
111455600                    0.24982140          20998910656.51040740
111630800                    0.24645380          20998954425.21631980
111806000                    0.24313160          20998997603.91875760
111981200                    0.23985418          20999040200.57180018
112156400                    0.23662094          20999082223.02090294
112331600                    0.23343128          20999123679.00640128
112506800                    0.23028462          20999164576.16351062
112682000                    0.22718038          20999204922.02583038
112857200                    0.22411798          20999244724.02534398
113032400                    0.22109686          20999283989.49241886
113207600                    0.21811647          20999322725.65931047
113382800                    0.21517625          20999360939.66191425
113558000                    0.21227567          20999398638.53801367
113733200                    0.20941419          20999435829.23253619
113908400                    0.20659128          20999472518.59580128
114083600                    0.20380642          20999508713.38527242
114258800                    0.20105910          20999544420.26730910
114434000                    0.19834882          20999579645.81891882
114609200                    0.19567507          20999614396.52950907
114784400                    0.19303737          20999648678.79913537
114959600                    0.19043522          20999682498.94375722
115134800                    0.18786815          20999715863.19173415
115310000                    0.18533568          20999748777.68908168
115485200                    0.18283735          20999781248.49771935
115660400                    0.18037270          20999813281.59897470
115835600                    0.17794127          20999844882.89358327
116010800                    0.17554262          20999876058.20168862
116186000                    0.17317630          20999906813.26634630
116361200                    0.17084188          20999937153.75177188
116536400                    0.16853893          20999967085.24684493
116711600                    0.16626702          20999996613.26510902
116731970                    0.16626702          21000000000.12430642
